{
    "dist_matrix": [
        [
            0.0,
            49.26656601893947,
            43.67390626006427,
            23.752612980888582,
            39.34219027446643,
            25.047116813951952,
            78.59878668458707,
            63.74614302161035,
            89.97481379772518,
            75.16301520810178,
            31.400511606530348,
            71.00488294431898,
            49.55274443073492,
            75.55601917295635,
            51.12814879033286,
            54.38893152948624,
            61.84591603827655,
            36.557108096654844,
            47.724406114337775,
            33.01184319425656,
            32.0754223866248,
            59.373513068342774,
            56.24675051323956,
            38.62679472821199,
            87.60873451939179
        ],
        [
            49.26656601893947,
            0.0,
            53.994652705620055,
            50.542017080387545,
            18.570404398122193,
            27.605034810091006,
            39.873627116163846,
            93.96335919265093,
            61.57519913871788,
            61.736684716522845,
            83.3188015293439,
            47.35825243483313,
            49.7488250912584,
            67.67923047508634,
            68.53837931349054,
            46.845720996916675,
            81.63279950086496,
            65.30187967595678,
            59.939631901621325,
            26.287767594666207,
            73.321316376028,
            56.09568179477286,
            89.01718394245943,
            23.082761634846186,
            44.58925583301275
        ],
        [
            43.67390626006427,
            53.994652705620055,
            0.0,
            59.46556540295555,
            94.04214949859869,
            54.4017115507965,
            59.30625278663763,
            72.95719400065678,
            43.26456497586571,
            68.2632350047993,
            53.957835260734015,
            47.690104469447235,
            60.67861087025212,
            24.02721825836806,
            50.63763509621779,
            32.74964152068966,
            57.88474294364515,
            69.63473197684137,
            57.16520147457526,
            23.83431132474777,
            73.03977909817854,
            37.17242882717716,
            39.54575413931001,
            48.36407755042892,
            62.044211867529995
        ],
        [
            23.752612980888582,
            50.542017080387545,
            59.46556540295555,
            0.0,
            82.25000658967784,
            26.778012245446238,
            60.61705859855995,
            64.16158963826169,
            38.339048076203234,
            49.84641841704004,
            52.81188112432694,
            66.74546378785121,
            57.879573576710825,
            52.577070308831246,
            41.14070286899644,
            43.02404368858539,
            38.98656590553638,
            75.78518372160423,
            45.186736636025444,
            73.0139520737381,
            32.64031176816248,
            63.74597540307953,
            51.348197420463386,
            81.21912535307511,
            46.27738738316909
        ],
        [
            39.34219027446643,
            18.570404398122193,
            94.04214949859869,
            82.25000658967784,
            0.0,
            46.935644385325496,
            55.56093345996671,
            39.35697874166039,
            59.85688237084812,
            33.070804397313665,
            16.259743442244336,
            76.27104711231425,
            83.59700954352473,
            42.59746603267307,
            29.04114687236642,
            31.06123708963298,
            68.96214958570029,
            83.02733957534217,
            84.52332277505326,
            73.00832937449898,
            67.3944625211956,
            44.854065713098635,
            22.09603264454754,
            76.1199621938196,
            79.11122719542291
        ],
        [
            25.047116813951952,
            27.605034810091006,
            54.4017115507965,
            26.778012245446238,
            46.935644385325496,
            0.0,
            73.64562908293894,
            67.01358187907967,
            21.709521246578582,
            61.80177889239274,
            22.50900504170966,
            42.11063309646053,
            79.74875509762927,
            53.60259414869333,
            79.7586643878984,
            44.88126125848517,
            76.12599762219072,
            41.819048369374705,
            69.06166898238376,
            53.6176961101427,
            31.78608679707745,
            55.554521256709506,
            47.82295411705968,
            66.16644764837318,
            63.45556835550367
        ],
        [
            78.59878668458707,
            39.873627116163846,
            59.30625278663763,
            60.61705859855995,
            55.56093345996671,
            73.64562908293894,
            0.0,
            55.64664174410727,
            59.99816413178326,
            21.50051773371917,
            90.81636257637646,
            81.87475579502232,
            63.860453325628974,
            69.40993002878122,
            13.969883030187743,
            80.9887989116705,
            31.31337378964475,
            72.32040349004298,
            91.59703154949989,
            57.968812763932185,
            26.664049908021234,
            63.30286573799356,
            72.26892720873461,
            68.65467642771658,
            43.34974462701966
        ],
        [
            63.74614302161035,
            93.96335919265093,
            72.95719400065678,
            64.16158963826169,
            39.35697874166039,
            67.01358187907967,
            55.64664174410727,
            0.0,
            57.7438429182091,
            50.62257169045358,
            74.99919147104026,
            61.98708841690531,
            49.59656324950744,
            68.954423417079,
            60.19533565996824,
            79.99327156347717,
            59.0984462922135,
            90.99103608703527,
            62.22648944348511,
            39.14712435014684,
            38.3678207469032,
            74.17880058059573,
            50.15954954856227,
            68.84837634765657,
            58.40972933933734
        ],
        [
            89.97481379772518,
            61.57519913871788,
            43.26456497586571,
            38.339048076203234,
            59.85688237084812,
            21.709521246578582,
            59.99816413178326,
            57.7438429182091,
            0.0,
            79.90667538611211,
            32.71033355618686,
            36.23342401293172,
            80.79468905352324,
            52.0132838290547,
            47.49862329137714,
            59.752541131838385,
            87.41822667288264,
            58.68482126487632,
            58.304557500809224,
            14.495145879774247,
            18.087740205687105,
            37.5901148582659,
            46.444525865176935,
            49.35955119553904,
            77.30129201115693
        ],
        [
            75.16301520810178,
            61.736684716522845,
            68.2632350047993,
            49.84641841704004,
            33.070804397313665,
            61.80177889239274,
            21.50051773371917,
            50.62257169045358,
            79.90667538611211,
            0.0,
            45.72137650351148,
            70.76879889358578,
            54.105807670214936,
            45.47234146783984,
            24.92162554629228,
            78.01296459312981,
            82.21868679659404,
            41.74372210707643,
            28.409199044384703,
            68.7453777761406,
            50.04098245936283,
            74.256970447818,
            54.505220920253876,
            33.46221407716872,
            29.56486321264064
        ],
        [
            31.400511606530348,
            83.3188015293439,
            53.957835260734015,
            52.81188112432694,
            16.259743442244336,
            22.50900504170966,
            90.81636257637646,
            74.99919147104026,
            32.71033355618686,
            45.72137650351148,
            0.0,
            48.68084838616029,
            62.36681553598098,
            49.70337270473318,
            31.75041018171544,
            54.58243049091642,
            59.08376816440105,
            13.225194292118342,
            69.78986388483371,
            64.70999211559914,
            38.888354405327405,
            89.9813008774061,
            40.54441732285021,
            24.210710481959275,
            27.741159271210307
        ],
        [
            71.00488294431898,
            47.35825243483313,
            47.690104469447235,
            66.74546378785121,
            76.27104711231425,
            42.11063309646053,
            81.87475579502232,
            61.98708841690531,
            36.23342401293172,
            70.76879889358578,
            48.68084838616029,
            0.0,
            69.30857434903706,
            32.00508579193124,
            57.52003957193534,
            27.392053944667932,
            38.725949055388895,
            31.190784743529008,
            68.01316335402566,
            30.854471210198263,
            53.19326687936392,
            50.76789718709432,
            25.540799559355186,
            57.71917949380498,
            41.82810460254175
        ],
        [
            49.55274443073492,
            49.7488250912584,
            60.67861087025212,
            57.879573576710825,
            83.59700954352473,
            79.74875509762927,
            63.860453325628974,
            49.59656324950744,
            80.79468905352324,
            54.105807670214936,
            62.36681553598098,
            69.30857434903706,
            0.0,
            59.72848777503607,
            42.17834512041122,
            90.97104042068612,
            61.1107270670865,
            65.7796311170583,
            54.0781242982732,
            63.64080082487851,
            22.825177895578484,
            63.07437496720467,
            42.251517074998084,
            54.42124777152838,
            47.244699087178006
        ],
        [
            75.55601917295635,
            67.67923047508634,
            24.02721825836806,
            52.577070308831246,
            42.59746603267307,
            53.60259414869333,
            69.40993002878122,
            68.954423417079,
            52.0132838290547,
            45.47234146783984,
            49.70337270473318,
            32.00508579193124,
            59.72848777503607,
            0.0,
            60.53575044270569,
            55.682869701038555,
            53.998268613324186,
            58.531700456363566,
            62.47544450987972,
            53.277285452967675,
            50.28382745414194,
            66.14793015248972,
            64.68406907212965,
            34.1866916471523,
            26.176453697920877
        ],
        [
            51.12814879033286,
            68.53837931349054,
            50.63763509621779,
            41.14070286899644,
            29.04114687236642,
            79.7586643878984,
            13.969883030187743,
            60.19533565996824,
            47.49862329137714,
            24.92162554629228,
            31.75041018171544,
            57.52003957193534,
            42.17834512041122,
            60.53575044270569,
            0.0,
            95.97120025710115,
            75.2364760943284,
            50.670778436311146,
            54.74745216949652,
            29.42902826748861,
            85.32708966250519,
            68.79987730537584,
            34.479286347980235,
            63.615229920486236,
            20.17154381704097
        ],
        [
            54.38893152948624,
            46.845720996916675,
            32.74964152068966,
            43.02404368858539,
            31.06123708963298,
            44.88126125848517,
            80.9887989116705,
            79.99327156347717,
            59.752541131838385,
            78.01296459312981,
            54.58243049091642,
            27.392053944667932,
            90.97104042068612,
            55.682869701038555,
            95.97120025710115,
            0.0,
            69.54539746301613,
            38.678078228622006,
            66.21876242789102,
            56.87607692107498,
            76.01168963719778,
            21.624291284129928,
            74.9971704313547,
            61.42042589112342,
            61.01730489753017
        ],
        [
            61.84591603827655,
            81.63279950086496,
            57.88474294364515,
            38.98656590553638,
            68.96214958570029,
            76.12599762219072,
            31.31337378964475,
            59.0984462922135,
            87.41822667288264,
            82.21868679659404,
            59.08376816440105,
            38.725949055388895,
            61.1107270670865,
            53.998268613324186,
            75.2364760943284,
            69.54539746301613,
            0.0,
            30.63814721182029,
            58.9578579939608,
            89.64386907493358,
            71.45737536433475,
            43.54505603563738,
            50.640403142816936,
            86.97521999500182,
            53.801277660736076
        ],
        [
            36.557108096654844,
            65.30187967595678,
            69.63473197684137,
            75.78518372160423,
            83.02733957534217,
            41.819048369374705,
            72.32040349004298,
            90.99103608703527,
            58.68482126487632,
            41.74372210707643,
            13.225194292118342,
            31.190784743529008,
            65.7796311170583,
            58.531700456363566,
            50.670778436311146,
            38.678078228622006,
            30.63814721182029,
            0.0,
            78.11614534278287,
            65.56921691645836,
            38.845586394847004,
            45.33812223080712,
            52.86292259838381,
            16.147415904065618,
            75.06822689549494
        ],
        [
            47.724406114337775,
            59.939631901621325,
            57.16520147457526,
            45.186736636025444,
            84.52332277505326,
            69.06166898238376,
            91.59703154949989,
            62.22648944348511,
            58.304557500809224,
            28.409199044384703,
            69.78986388483371,
            68.01316335402566,
            54.0781242982732,
            62.47544450987972,
            54.74745216949652,
            66.21876242789102,
            58.9578579939608,
            78.11614534278287,
            0.0,
            72.74822913835807,
            42.060363396429885,
            70.15170184793027,
            70.34851348218207,
            58.84522124975384,
            56.395734306964634
        ],
        [
            33.01184319425656,
            26.287767594666207,
            23.83431132474777,
            73.0139520737381,
            73.00832937449898,
            53.6176961101427,
            57.968812763932185,
            39.14712435014684,
            14.495145879774247,
            68.7453777761406,
            64.70999211559914,
            30.854471210198263,
            63.64080082487851,
            53.277285452967675,
            29.42902826748861,
            56.87607692107498,
            89.64386907493358,
            65.56921691645836,
            72.74822913835807,
            0.0,
            54.56751579658544,
            44.43977136067002,
            74.12634208407482,
            50.613090403113986,
            43.27230205691991
        ],
        [
            32.0754223866248,
            73.321316376028,
            73.03977909817854,
            32.64031176816248,
            67.3944625211956,
            31.78608679707745,
            26.664049908021234,
            38.3678207469032,
            18.087740205687105,
            50.04098245936283,
            38.888354405327405,
            53.19326687936392,
            22.825177895578484,
            50.28382745414194,
            85.32708966250519,
            76.01168963719778,
            71.45737536433475,
            38.845586394847004,
            42.060363396429885,
            54.56751579658544,
            0.0,
            39.137679037077895,
            21.87688475638767,
            58.198651779954794,
            39.3951386643484
        ],
        [
            59.373513068342774,
            56.09568179477286,
            37.17242882717716,
            63.74597540307953,
            44.854065713098635,
            55.554521256709506,
            63.30286573799356,
            74.17880058059573,
            37.5901148582659,
            74.256970447818,
            89.9813008774061,
            50.76789718709432,
            63.07437496720467,
            66.14793015248972,
            68.79987730537584,
            21.624291284129928,
            43.54505603563738,
            45.33812223080712,
            70.15170184793027,
            44.43977136067002,
            39.137679037077895,
            0.0,
            67.80598659785369,
            16.69249472763926,
            23.691721652490145
        ],
        [
            56.24675051323956,
            89.01718394245943,
            39.54575413931001,
            51.348197420463386,
            22.09603264454754,
            47.82295411705968,
            72.26892720873461,
            50.15954954856227,
            46.444525865176935,
            54.505220920253876,
            40.54441732285021,
            25.540799559355186,
            42.251517074998084,
            64.68406907212965,
            34.479286347980235,
            74.9971704313547,
            50.640403142816936,
            52.86292259838381,
            70.34851348218207,
            74.12634208407482,
            21.87688475638767,
            67.80598659785369,
            0.0,
            61.44827829535323,
            44.571872099062
        ],
        [
            38.62679472821199,
            23.082761634846186,
            48.36407755042892,
            81.21912535307511,
            76.1199621938196,
            66.16644764837318,
            68.65467642771658,
            68.84837634765657,
            49.35955119553904,
            33.46221407716872,
            24.210710481959275,
            57.71917949380498,
            54.42124777152838,
            34.1866916471523,
            63.615229920486236,
            61.42042589112342,
            86.97521999500182,
            16.147415904065618,
            58.84522124975384,
            50.613090403113986,
            58.198651779954794,
            16.69249472763926,
            61.44827829535323,
            0.0,
            54.99648112748295
        ],
        [
            87.60873451939179,
            44.58925583301275,
            62.044211867529995,
            46.27738738316909,
            79.11122719542291,
            63.45556835550367,
            43.34974462701966,
            58.40972933933734,
            77.30129201115693,
            29.56486321264064,
            27.741159271210307,
            41.82810460254175,
            47.244699087178006,
            26.176453697920877,
            20.17154381704097,
            61.01730489753017,
            53.801277660736076,
            75.06822689549494,
            56.395734306964634,
            43.27230205691991,
            39.3951386643484,
            23.691721652490145,
            44.571872099062,
            54.99648112748295,
            0.0
        ]
    ],
    "time_matrix": [
        [
            0.0,
            50.53013970458589,
            59.69839144952519,
            23.235957029973488,
            50.24201905878361,
            33.36675465947594,
            95.65056696754809,
            72.03972862992127,
            97.91856773345992,
            78.48580574313812,
            45.55179276301773,
            98.08853003032826,
            73.11600785571548,
            67.01879771893843,
            67.06004974502507,
            79.23587962375939,
            57.322700326029825,
            30.94732434122982,
            62.93820488397856,
            39.68456598753341,
            44.56174742351592,
            53.307954375824245,
            76.3092418676542,
            36.353187754728204,
            80.12337065124302
        ],
        [
            45.0782210600463,
            0.0,
            68.33768720306055,
            58.93936080729873,
            19.52086255888094,
            39.03463387327636,
            42.85264860678419,
            128.8819858674304,
            68.18803292175602,
            65.67925734975687,
            93.63998888716684,
            47.87751255792368,
            65.8339418766874,
            77.95999478198503,
            65.97154069775878,
            66.9754304304119,
            87.24292017384305,
            77.08802021455683,
            85.98522878350747,
            32.517090427976015,
            64.65683585938343,
            81.78091205852728,
            110.32750940966258,
            23.87759183918777,
            40.0184313212774
        ],
        [
            59.21385218707591,
            66.6321513404998,
            0.0,
            84.78153182480796,
            127.14668338138767,
            49.29733038034322,
            60.38594965560943,
            71.05610446687564,
            57.14221088018806,
            56.21291073469556,
            64.69127782174189,
            63.605297639185466,
            85.7835333244342,
            24.975265593715378,
            69.62067747683355,
            28.735918024817718,
            80.60546567969446,
            61.92213276357464,
            61.62986678538028,
            32.36953923583619,
            66.096778322108,
            35.70322488271323,
            51.63001905875819,
            63.06799406520275,
            77.4810191951945
        ],
        [
            30.540252565792542,
            59.63488532424266,
            58.053813706448274,
            0.0,
            76.25549465425367,
            38.45095997539907,
            73.24809310532784,
            69.33275658642249,
            43.070242363140714,
            72.93021192767914,
            47.918648149592165,
            80.78609844724562,
            66.8000935691516,
            64.56558687602109,
            33.43410827923043,
            60.68484296305944,
            56.627316320691016,
            90.60825247912167,
            58.18495342287705,
            105.55988958272296,
            42.27139207746514,
            57.80340537679888,
            61.79251587864316,
            99.46910606649627,
            50.76127147039613
        ],
        [
            51.75508269071043,
            27.002424842866525,
            136.16343632226125,
            91.75708415995554,
            0.0,
            69.90542491162002,
            77.07571930047455,
            34.920025539125064,
            86.46861287166337,
            46.59436422283491,
            18.91311634165518,
            92.58487532109035,
            90.2264106251462,
            35.71086776086895,
            30.047076125988628,
            42.30532459229899,
            55.39332365288971,
            85.80455594354092,
            91.17683692515863,
            85.87071212818874,
            97.31079242262523,
            46.75777076401043,
            23.043228608298573,
            100.19296674186185,
            88.33184314084424
        ],
        [
            23.97568571716987,
            30.82675386268542,
            48.88537333546178,
            24.728714815577696,
            53.92236429634525,
            0.0,
            106.078584595027,
            70.61058476491574,
            26.1906235853769,
            76.79396352040546,
            18.213524265923404,
            53.24789165031816,
            73.73770678242923,
            78.94317884192441,
            72.10692993721376,
            48.93120654153226,
            65.4489281381993,
            62.63707148479069,
            79.52703308357775,
            65.24037793715287,
            26.92133855027949,
            73.60820343150569,
            45.28517717691482,
            94.52790160807172,
            59.876531419723555
        ],
        [
            73.37050578353922,
            32.919059171827286,
            67.04256733454669,
            72.46095253054787,
            47.00433010808992,
            98.89645670823863,
            0.0,
            64.94370361124325,
            66.51000024920943,
            23.232043495134,
            108.23023952941658,
            74.39698469361326,
            59.22097168078172,
            97.39947978107557,
            20.427892061491406,
            85.95475033296029,
            30.985249437905306,
            90.45833756214869,
            99.48481097540163,
            47.40518203976894,
            24.24580238102446,
            82.36845830279601,
            91.14895024278573,
            56.225927760643415,
            41.4155012754863
        ],
        [
            61.30800333968319,
            119.36399679811285,
            59.37237306928712,
            56.005112191190236,
            53.52317925032968,
            61.98630763401922,
            69.94350356473139,
            0.0,
            50.21456404871177,
            49.11505852275904,
            97.91795831764256,
            86.7191635721008,
            68.50048701640196,
            74.3348316265838,
            76.30719485968862,
            75.47277233739379,
            59.40595980853115,
            129.88379623603845,
            50.34753639404816,
            33.66088864336823,
            36.277556398753994,
            60.72072940656044,
            46.498143426225965,
            83.17772644930182,
            63.958489227411654
        ],
        [
            128.20243072883343,
            84.49413438006943,
            44.96365729638034,
            37.633471701453814,
            63.794548565619,
            26.338131414654036,
            59.25685972932464,
            71.4236038792558,
            0.0,
            94.80391872359996,
            36.15435781345227,
            36.45539111628598,
            118.27674425527388,
            69.41297849684341,
            42.657526700824185,
            84.12725082153783,
            99.76184102151366,
            83.69550329506484,
            79.28829073454068,
            15.910588947951503,
            14.754685472596721,
            37.141820845979716,
            54.76478169673855,
            61.37538139236859,
            75.7955695033529
        ],
        [
            67.46250806689535,
            85.47142512591734,
            101.64952218426188,
            58.21977568298485,
            30.430943974802755,
            61.221777142944234,
            17.47720053404607,
            72.89696716948639,
            70.51170859869568,
            0.0,
            45.348228552264054,
            84.06799724277111,
            67.95658450740784,
            62.789085014092514,
            23.538347984758857,
            63.01084370876816,
            73.65313915918243,
            59.6940673392081,
            40.10592124497816,
            83.74487479889224,
            61.06810354314872,
            93.97410244020193,
            50.29523193531006,
            48.188545064217976,
            32.31851587025641
        ],
        [
            33.541931347469394,
            96.91996213104144,
            44.94019553726388,
            48.39672115205063,
            21.407960832186653,
            19.31180497700919,
            110.99634652450524,
            72.88004257479926,
            35.082059416041034,
            45.816733725978345,
            0.0,
            63.44731399400278,
            62.864827089788115,
            59.46925282064345,
            35.98068502126677,
            69.0232940692957,
            86.01301632096703,
            17.36204125670779,
            66.33235294350945,
            53.18049598924809,
            38.24999549601618,
            109.46716113141557,
            33.89505460843092,
            27.780734038371456,
            33.782906189148676
        ],
        [
            73.41697019507362,
            63.44294027292821,
            41.7106608553049,
            56.906945293243794,
            99.89464094159518,
            48.2943235906375,
            104.95374930337819,
            68.45724721240687,
            35.23633175394612,
            97.19186014979745,
            66.1860489500328,
            0.0,
            68.65025351343188,
            38.827336824666745,
            60.550294643046506,
            23.669677920783734,
            55.847446398128334,
            27.939864120951572,
            99.65058454257846,
            34.31646756507804,
            49.44809120780082,
            59.872137857140906,
            36.03965388168933,
            75.75973734899708,
            57.0783305247998
        ],
        [
            62.49336220867264,
            63.90702207908985,
            84.61249744203124,
            56.419133383329964,
            95.51773198438019,
            76.14782839877172,
            95.23941136862395,
            72.45271972604469,
            66.86558511824184,
            70.00764634288073,
            90.28680622485253,
            64.20765329258222,
            0.0,
            86.05930233350202,
            34.74492573649832,
            117.1883654618915,
            61.60843147691833,
            95.18821341016286,
            80.02160537665962,
            92.97835355139556,
            25.836959015536095,
            88.5204609581199,
            58.779658993017186,
            55.69309036009092,
            65.20906277121037
        ],
        [
            62.402120029041754,
            82.39194495186608,
            23.090305381100023,
            46.49899378836517,
            36.37258080089243,
            69.00809458353515,
            72.04143224059818,
            90.1466511234997,
            43.99020559604643,
            46.41376610661274,
            58.53287390690924,
            43.31908254338189,
            61.10981370227706,
            0.0,
            85.97192985967585,
            68.55141652368587,
            52.00420069629529,
            47.82511383096877,
            88.03222534805825,
            43.41505189367891,
            71.01540555148469,
            77.41001173967486,
            94.26715916951352,
            46.46478263973804,
            39.22682618490293
        ],
        [
            53.45439115032624,
            91.63799281693298,
            54.75708973303821,
            46.73225651149609,
            35.98935232226904,
            112.58525532396177,
            20.799178093809054,
            80.52880174631765,
            51.88924153997362,
            27.287931439473983,
            41.79330657812709,
            55.630161268974845,
            37.0044067856981,
            63.45572325964168,
            0.0,
            96.68289238194187,
            72.49225765958418,
            42.029649029068125,
            44.48294840642601,
            43.89061970357204,
            93.81211730624767,
            73.54904016314148,
            43.98705637130491,
            60.611173816692244,
            29.550763606210836
        ],
        [
            73.44907082690922,
            40.40854280539569,
            35.77264771557325,
            60.89549208126118,
            45.39017140309973,
            50.589307544099476,
            99.56665528497652,
            73.34773151782554,
            89.25942377675692,
            75.06174904058355,
            79.68555846604932,
            34.37025239365454,
            111.47734630899295,
            64.52987305013706,
            92.27332129122391,
            0.0,
            66.36997870184221,
            35.99021416451427,
            89.11119327562534,
            59.440487357524766,
            63.88705541486342,
            31.96874331817088,
            106.39474479268313,
            89.02439896161722,
            91.30845968957291
        ],
        [
            57.00503051849975,
            87.94868129872106,
            77.03110183419498,
            50.18407031258555,
            62.598814428105435,
            104.37507547095072,
            29.970293095353878,
            56.53784833596309,
            102.79352761093185,
            99.90046939163524,
            71.2585898449999,
            33.460799467323994,
            86.42417155544801,
            53.237974601050055,
            67.01015327072948,
            98.9021548916992,
            0.0,
            43.00031276666455,
            80.57542003938919,
            112.8319936873101,
            84.71987562414722,
            37.487535162800526,
            54.991287276668906,
            92.27044202573136,
            52.823581939050136
        ],
        [
            47.75798958410943,
            74.90863605120379,
            59.65832764719949,
            72.30878406580766,
            106.13228183200934,
            35.68384276229862,
            100.94806202629928,
            104.33055572515732,
            66.69005318680016,
            50.70549184148812,
            18.21475163605502,
            32.54653728966945,
            83.84346157836627,
            70.00463806372518,
            50.007993968839244,
            54.731066125278126,
            41.612676857826706,
            0.0,
            109.00383245731526,
            92.26283464835048,
            50.33821176350402,
            62.8345265977625,
            68.09960400367054,
            20.60569386370051,
            92.56122302639056
        ],
        [
            63.32559310815815,
            54.60641766158638,
            80.98076927552839,
            63.72642402205336,
            69.34911250099898,
            95.171933333235,
            81.54049336132144,
            64.3784804475966,
            76.98858991754369,
            25.924301155141453,
            95.79195620075325,
            94.02778512775596,
            62.47253166719562,
            50.25962772976835,
            54.79818626236779,
            81.57150587261876,
            87.66033114001323,
            97.04130238840553,
            0.0,
            90.4845378255679,
            49.54667762686955,
            94.4165986320313,
            61.54696102474117,
            78.42417570978063,
            66.48417575775208
        ],
        [
            48.66257327550648,
            27.32115330927005,
            29.622124066062298,
            106.04690045795022,
            63.645508289262864,
            78.07057943820311,
            74.28819325847242,
            33.17663753195437,
            14.649874268993312,
            89.07479265601937,
            54.818773515496865,
            37.2573701602143,
            66.32123297527308,
            65.77831365996671,
            24.485523138247494,
            80.19957763524938,
            132.8022176491283,
            96.925367114313,
            96.37367357142335,
            0.0,
            72.61758988254677,
            36.31666295066114,
            60.44903023138704,
            51.95571161652227,
            49.41914265880934
        ],
        [
            42.95813824448157,
            93.72713464133234,
            81.22986789966922,
            32.36413120139156,
            100.95603884534782,
            34.91151454257685,
            29.756304227608748,
            35.088779206506274,
            24.53360820610137,
            64.33156403238253,
            37.120440385101276,
            45.62209536516234,
            29.132904655833414,
            63.264992239313024,
            84.58317984292113,
            111.40307389652715,
            64.72184062378079,
            42.83247832165718,
            61.430470673377954,
            59.68644653490558,
            0.0,
            42.20278858374796,
            21.700789871272104,
            86.64524216897492,
            42.804149888648794
        ],
        [
            84.6588779825008,
            53.906167715334426,
            35.283076671918074,
            52.38605105969107,
            56.34418719639834,
            58.77493022260899,
            88.94374055778279,
            83.91454077534132,
            55.54824339884553,
            69.04917027407241,
            126.69693053935451,
            68.21265017452197,
            84.49728942340536,
            92.03480749922126,
            91.69075188662872,
            26.77853247740342,
            38.836590715658865,
            37.302770915678586,
            101.34069204543624,
            54.73447637928681,
            53.132377814364695,
            0.0,
            59.812727520304776,
            14.8167600055329,
            30.322932693738892
        ],
        [
            61.93971623094211,
            83.70884969115424,
            45.24493726861169,
            43.38646716033518,
            26.67830748206359,
            47.263204760311694,
            98.16226017901664,
            51.02497087848091,
            51.95535948400714,
            44.047542802635654,
            34.49165565501917,
            27.449859124249272,
            47.99591436900212,
            78.91549466317602,
            34.62285137620006,
            96.48290881745943,
            71.00218397633274,
            71.1479798036066,
            58.22979861416264,
            84.23382930960568,
            19.108389599615265,
            65.73326004943922,
            0.0,
            55.28789667952432,
            51.22296295640934
        ],
        [
            47.61559804427078,
            29.81659133820611,
            57.63808667075272,
            65.5308060594012,
            78.29112546394997,
            76.91175636297596,
            59.146453389510604,
            71.97676752038475,
            40.63486434019819,
            28.610358607299425,
            26.095424552134737,
            51.53751469553094,
            65.15739500381666,
            43.8487217287082,
            86.5428387909642,
            57.74165998350877,
            79.77696010212097,
            14.099883008901136,
            73.29179219090503,
            65.5203161910922,
            47.84571115460897,
            24.29339837117328,
            51.39410476711027,
            0.0,
            71.29426833534427
        ],
        [
            123.5001395313141,
            57.95982809911503,
            84.4551804263156,
            48.01811754685161,
            108.41225204503398,
            54.32306786214034,
            61.83284717137502,
            69.11708920706691,
            106.06575511208221,
            33.01280031736438,
            34.69044135905992,
            48.875381577317846,
            61.990368037206586,
            22.43691136982679,
            16.989411348298553,
            59.368145277558135,
            49.049617472432935,
            105.86485412289102,
            53.77050109676191,
            64.17739692719714,
            40.80655043405946,
            21.973658198491947,
            60.29633627927194,
            69.35581172268851,
            0.0
        ]
    ],
    "cost_matrix": [
        [
            0.0,
            84.69916790912863,
            53.651417217634645,
            47.41814688871751,
            77.69268833789398,
            41.335900246997156,
            94.28258121968663,
            107.10806985097409,
            96.47085220211854,
            77.46694969756317,
            39.49188613803098,
            103.85337183494887,
            92.5780299874703,
            130.49801935020037,
            89.101358313796,
            77.5310593630354,
            83.24058254203784,
            50.12121226313206,
            94.85939499272592,
            34.33592153181386,
            59.88582384725958,
            93.73150500154436,
