{
    "dist_matrix": [
        [
            0.0,
            39.20235250950669,
            66.42090713192574,
            55.70656347820587,
            9.505225781292967,
            3.1327886251450896,
            97.6783778393579,
            75.66977958705003,
            31.007247340035388,
            30.924827748588232,
            60.53336540319111,
            96.23398602731612,
            63.104612666654376,
            48.46873249345391,
            7.937974493348906,
            72.93893910245933,
            82.33350549974551,
            78.25047821345575,
            52.64001405174792,
            59.63218684444128,
            25.921638997828296,
            30.698633774308718,
            52.16119340928812,
            81.29878457782644,
            100.33786594007634,
            17.09759559062211,
            90.8057908167073,
            59.711957340405725,
            17.23296925620818,
            25.44861238104304
        ],
        [
            39.20235250950669,
            0.0,
            44.975191072157706,
            17.440517628782285,
            43.87543144685701,
            37.12542265134339,
            62.52240477647941,
            80.55933494372722,
            26.89789017636431,
            39.897162334910135,
            21.337645938069198,
            60.103429002057574,
            29.803390385780364,
            15.494655274312471,
            31.264771261458026,
            79.12133970071099,
            83.56694160572046,
            63.409805184770185,
            26.55243753238185,
            25.03033509654999,
            13.54473519900412,
            53.667888132111145,
            17.669021297626767,
            46.13240548105897,
            65.75701805681862,
            50.852862407916376,
            53.276909905203105,
            55.09067536474264,
            56.12582071646835,
            25.91237549390078
        ],
        [
            66.42090713192574,
            44.975191072157706,
            0.0,
            37.302589897286126,
            75.12025572535465,
            63.30414813699246,
            42.39058946391719,
            51.00908884083669,
            70.39890093224263,
            41.364183432161504,
            44.23535456317736,
            43.957604402068114,
            23.230856554121814,
            30.1863734689922,
            60.71256653342694,
            51.361284423120395,
            49.57085675263043,
            19.698265248492977,
            69.4450655751204,
            61.66439201808282,
            51.822764194656195,
            56.78265915434885,
            29.911356670581497,
            31.56050770638478,
            43.15603372914984,
            66.62598251224931,
            45.1564602308014,
            25.700045349590553,
            77.78553902093547,
            67.63862207447896
        ],
        [
            55.70656347820587,
            17.440517628782285,
            37.302589897286126,
            0.0,
            61.07922889450646,
            53.33812801201682,
            45.50216605177494,
            82.0502199626211,
            42.95772002681976,
            49.018955090393966,
            7.994040024714541,
            42.82664313290685,
            15.963341776104386,
            11.218906327828718,
            47.84616008685899,
            81.29149263300974,
            83.19809079331,
            56.98721852137845,
            33.71132490263003,
            24.400508429892078,
            30.775907235629468,
            64.84762703195965,
            8.610093530337348,
            29.389443046854694,
            48.89337213008067,
            65.37504273461481,
            35.83748994629275,
            55.0783524299152,
            72.14497077944527,
            42.88471258315606
        ],
        [
            9.505225781292967,
            43.87543144685701,
            75.12025572535465,
            61.07922889450646,
            0.0,
            12.499284466739605,
            104.52276605204686,
            84.84423421501803,
            29.232338767897232,
            40.42671861089054,
            65.00841215293295,
            102.75882874478324,
            70.06115820025404,
            55.05525314591271,
            14.575514105968846,
            82.05091766155189,
            91.66302363593809,
            87.54410079372066,
            52.56399936565084,
            61.41562732957672,
            30.34604879996542,
            39.00467030084469,
            58.59006679396771,
            88.03388016659761,
            107.35939178542624,
            23.563449041981663,
            96.73782570582627,
            69.20844406434205,
            18.09719074546111,
            24.403075300110245
        ],
        [
            3.1327886251450896,
            37.12542265134339,
            63.30414813699246,
            53.33812801201682,
            12.499284466739605,
            0.0,
            94.8759941238036,
            73.15112301012044,
            31.15680602971788,
            28.03221968774313,
            58.40514591529204,
            93.50551430185493,
            60.30747257643731,
            45.792855248833696,
            6.2499629030321655,
            70.47158853242131,
            79.67488198361633,
            75.14120130669234,
            51.96763312506393,
            58.323751885254616,
            24.097442162867996,
            28.914962852110673,
            49.51628853797863,
            78.53314000014977,
            97.49518287102377,
            16.709526242184726,
            88.22559154067525,
            56.72444639545917,
            19.003769665726924,
            25.5005070010273
        ],
        [
            97.6783778393579,
            62.52240477647941,
            42.39058946391719,
            45.50216605177494,
            104.52276605204686,
            94.8759941238036,
            0.0,
            91.1472468239364,
            88.42818149073089,
            80.13706740249131,
            45.72734364617722,
            5.005620738618782,
            34.573776358153374,
            49.46972434715786,
            90.31824754667664,
            92.10700389177381,
            87.6116689145667,
            53.35325788790584,
            75.3267491659069,
            62.38702578043934,
            75.08590465756993,
            96.6352282210615,
            45.99948981693921,
            16.51489899843713,
            3.917063078941509,
            103.09592625565192,
            14.610185250379175,
            67.84254705473916,
            112.43182392252716,
            88.3180789596634
        ],
        [
            75.66977958705003,
            80.55933494372722,
            51.00908884083669,
            82.0502199626211,
            84.84423421501803,
            73.15112301012044,
            91.1472468239364,
            0.0,
            97.06057405619265,
            46.345406856488125,
            89.98652894716582,
            93.66962909008707,
            72.17474329025885,
            71.4665249440091,
            75.11998233825405,
            3.3498531489939545,
            9.029442824117837,
            38.484265303479646,
            106.97781354909645,
            103.94703633746137,
            78.8224377953971,
            47.19347759670048,
            73.44439125848415,
            82.47311157560385,
            90.87819186817893,
            63.9617360894825,
            96.01359028483316,
            27.06790359021486,
            75.96383006535967,
            92.10029054548109
        ],
        [
            31.007247340035388,
            26.89789017636431,
            70.39890093224263,
            42.95772002681976,
            29.232338767897232,
            31.15680602971788,
            88.42818149073089,
            97.06057405619265,
            0.0,
            51.12764331011751,
            43.74287240931465,
            85.54499565836359,
            56.67066710609907,
            42.245552921062966,
            25.73159165485286,
            94.92835485222086,
            101.90856946673141,
            87.48290901954157,
            23.743084331160286,
            34.51226011145367,
            19.29516707540668,
            58.46612434363891,
            44.565349819056124,
            72.32907815987636,
            91.84944433326747,
            47.842298733970566,
            77.76100026763004,
            74.85878998618611,
            46.72543400645719,
            5.684331406856457
        ],
        [
            30.924827748588232,
            39.897162334910135,
            41.364183432161504,
            49.018955090393966,
            40.42671861089054,
            28.03221968774313,
            80.13706740249131,
            46.345406856488125,
            51.12764331011751,
            0.0,
            56.48811115402687,
            80.15088317728967,
            48.006105570322504,
            38.09975000869349,
            28.99820585912685,
            44.004244973712176,
            52.1430640346008,
            48.93968033718424,
            64.38366107509934,
            64.92399108175293,
            34.03642201236811,
            16.684413854540075,
            41.61308464941338,
            65.28864100328231,
            81.89207281212342,
            25.697821144191316,
            77.55677243156278,
            28.973933561160695,
            37.631163559072526,
            45.96564783957992
        ],
        [
            60.53336540319111,
            21.337645938069198,
            44.23535456317736,
            7.994040024714541,
            65.00841215293295,
            58.40514591529204,
            45.72734364617722,
            89.98652894716582,
            43.74287240931465,
            56.48811115402687,
            0.0,
            42.33170257099499,
            21.61082589493213,
            19.129912209923567,
            52.59718349861115,
            89.25862431803911,
            90.99244372338138,
            63.9151786712343,
            30.106875354810153,
            18.640756940513793,
            34.81311601817439,
            72.01284279574337,
            16.584962455768284,
            30.760039727003118,
            49.39977949998471,
            71.46032448102683,
            34.08198620670219,
            62.9833295228469,
            77.38570372437052,
            44.695906444919764
        ],
        [
            96.23398602731612,
            60.103429002057574,
            43.957604402068114,
            42.82664313290685,
            102.75882874478324,
            93.50551430185493,
            5.005620738618782,
            93.66962909008707,
            85.54499565836359,
            80.15088317728967,
            42.33170257099499,
            0.0,
            33.355784873242776,
            47.79385060177605,
            88.73130742129273,
            94.47740810237092,
            90.52264477750718,
            56.36512766561563,
            71.53863894713561,
            58.40906456042797,
            72.97451615917451,
            96.7636650605325,
            44.18125345720399,
            15.10803878508616,
            8.734737183568647,
            102.43978288929902,
            9.819763851105648,
            69.62235129010416,
            111.38583410696063,
            85.70828836088185
        ],
        [
            63.104612666654376,
            29.803390385780364,
            23.230856554121814,
            15.963341776104386,
            70.06115820025404,
            60.30747257643731,
            34.573776358153374,
            72.17474329025885,
            56.67066710609907,
            48.006105570322504,
            21.61082589493213,
            33.355784873242776,
            0.0,
            15.19701216058966,
            55.773686542689106,
            71.96696315008548,
            71.92662554146378,
            42.692599689445046,
            49.66456059506973,
            39.91280071872327,
            41.21769331039441,
            64.6796906827647,
            12.185705399267698,
            18.275393343006183,
            37.30320047630605,
            69.19267685410131,
            29.58545719056158,
            45.29829602950223,
            78.0353957124471,
            55.566806310927916
        ],
        [
            48.46873249345391,
            15.494655274312471,
            30.1863734689922,
            11.218906327828718,
            55.05525314591271,
            45.792855248833696,
            49.46972434715786,
            71.4665249440091,
            42.245552921062966,
            38.09975000869349,
            19.129912209923567,
            47.79385060177605,
            15.19701216058966,
            0.0,
            40.93809474404873,
            70.55888769719098,
            73.11375786383617,
            49.33075324032015,
            39.35196588773685,
            33.00551119088849,
            26.035539888013936,
            54.22066229029532,
            3.8199819744196493,
            32.97952369959616,
            52.36076493875538,
            56.15679912295095,
            42.54514586357591,
            44.698561499801315,
            64.04151538503352,
            40.68940871127036
        ],
        [
            7.937974493348906,
            31.264771261458026,
            60.71256653342694,
            47.84616008685899,
            14.575514105968846,
            6.2499629030321655,
            90.31824754667664,
            75.11998233825405,
            25.73159165485286,
            28.99820585912685,
            52.59718349861115,
            88.73130742129273,
            55.773686542689106,
            40.93809474404873,
            0.0,
            72.61206966389035,
            81.1384276816473,
            73.87953307258243,
            45.83528911939189,
            52.07865793366545,
            18.015475996848437,
            33.02856040798553,
            44.574363731075366,
            73.87652640558338,
            93.06937317126413,
            22.59600401508926,
            83.09932498124012,
            56.722945692840185,
            25.04117338729146,
            20.048689674602574
        ],
        [
            72.93893910245933,
            79.12133970071099,
            51.361284423120395,
            81.29149263300974,
            82.05091766155189,
            70.47158853242131,
            92.10700389177381,
            3.3498531489939545,
            94.92835485222086,
            44.004244973712176,
            89.25862431803911,
            94.47740810237092,
            71.96696315008548,
            70.55888769719098,
            72.61206966389035,
            0.0,
            12.341769858423229,
            39.96029531475262,
            105.43898763037805,
            102.7987729615741,
            76.89287639927808,
            44.14513722407621,
            72.68189756217471,
            82.91022444591113,
            91.97421579662931,
            60.92616360251747,
            96.49056538398709,
            26.674557502062587,
            72.85967186825994,
            89.89410544031257
        ],
        [
            82.33350549974551,
            83.56694160572046,
            49.57085675263043,
            83.19809079331,
            91.66302363593809,
            79.67488198361633,
            87.6116689145667,
            9.029442824117837,
            101.90856946673141,
            52.1430640346008,
            90.99244372338138,
            90.52264477750718,
            71.92662554146378,
            73.11375786383617,
            81.1384276816473,
            12.341769858423229,
            0.0,
            34.26680395372715,
            110.11791763883014,
            106.02116034766402,
            83.19433310059597,
            54.935575898262584,
            74.67955143959941,
            80.39290785646158,
            86.983361938906,
            71.59227707724892,
            93.73428711857349,
            28.568942205630393,
            83.78455099893947,
            97.17899019839737
        ],
        [
            78.25047821345575,
            63.409805184770185,
            19.698265248492977,
            56.98721852137845,
            87.54410079372066,
            75.14120130669234,
            53.35325788790584,
            38.484265303479646,
            87.48290901954157,
            48.93968033718424,
            63.9151786712343,
            56.36512766561563,
            42.692599689445046,
            49.33075324032015,
            73.87953307258243,
            39.96029531475262,
            34.26680395372715,
            0.0,
            88.68000125163609,
            81.3210754891679,
            68.33426473634697,
            61.04486927212233,
            49.420965133075576,
            47.23870074246968,
            52.73719540786947,
            74.38779466106524,
            60.18597979755527,
            22.15161685340222,
            86.53740733099812,
            84.081692604893
        ],
        [
            52.64001405174792,
            26.55243753238185,
            69.4450655751204,
            33.71132490263003,
            52.56399936565084,
            51.96763312506393,
            75.3267491659069,
            106.97781354909645,
            23.743084331160286,
            64.38366107509934,
            30.106875354810153,
            71.53863894713561,
            49.66456059506973,
            39.35196588773685,
            45.83528911939189,
            105.43898763037805,
            110.11791763883014,
            88.68000125163609,
            0.0,
            13.639151819377211,
            30.95011570450383,
            75.75023516263919,
            39.65400153049489,
            60.84773149733778,
            79.10269464256969,
            68.37577284847572,
            62.50102227586254,
            81.63883805840607,
            69.35809342449944,
            28.160924068082803
        ],
        [
            59.63218684444128,
            25.03033509654999,
            61.66439201808282,
            24.400508429892078,
            61.41562732957672,
            58.323751885254616,
            62.38702578043934,
            103.94703633746137,
            34.51226011145367,
            64.92399108175293,
            18.640756940513793,
            58.40906456042797,
            39.91280071872327,
            33.00551119088849,
            52.07865793366545,
            102.7987729615741,
            106.02116034766402,
            81.3210754891679,
            13.639151819377211,
            0.0,
            34.7666339578102,
            78.41400830820669,
            32.063337979783206,
            48.63740386220311,
            66.22061626576944,
            73.79604909386326,
            49.17367116567292,
            77.50543971558304,
            76.82987792708101,
            37.681871531662566
        ],
        [
            25.921638997828296,
            13.54473519900412,
            51.822764194656195,
            30.775907235629468,
            30.34604879996542,
            24.097442162867996,
            75.08590465756993,
            78.8224377953971,
            19.29516707540668,
            34.03642201236811,
            34.81311601817439,
            72.97451615917451,
            41.21769331039441,
            26.035539888013936,
            18.015475996848437,
            76.89287639927808,
            83.19433310059597,
            68.33426473634697,
            30.95011570450383,
            34.7666339578102,
            0.0,
            44.82710010072782,
            29.195501183840577,
            58.581663173040866,
            78.14538009229858,
            39.03839327882838,
            66.54819204800862,
            55.73952964957109,
            43.047237500772496,
            15.838800521917005
        ],
        [
            30.698633774308718,
            53.667888132111145,
            56.78265915434885,
            64.84762703195965,
            39.00467030084469,
            28.914962852110673,
            96.6352282210615,
            47.19347759670048,
            58.46612434363891,
            16.684413854540075,
            72.01284279574337,
            96.7636650605325,
            64.6796906827647,
            54.22066229029532,
            33.02856040798553,
            44.14513722407621,
            54.935575898262584,
            61.04486927212233,
            75.75023516263919,
            78.41400830820669,
            44.82710010072782,
            0.0,
            57.85005055348108,
            81.94554062505817,
            98.27849176625861,
            16.783124543388574,
            94.23888286125619,
            39.169847726599635,
            28.849032853675936,
            52.83756029617395
        ],
        [
            52.16119340928812,
            17.669021297626767,
            29.911356670581497,
            8.610093530337348,
            58.59006679396771,
            49.51628853797863,
            45.99948981693921,
            73.44439125848415,
            44.565349819056124,
            41.61308464941338,
            16.584962455768284,
            44.18125345720399,
            12.185705399267698,
            3.8199819744196493,
            44.574363731075366,
            72.68189756217471,
            74.67955143959941,
            49.420965133075576,
            39.65400153049489,
            32.063337979783206,
            29.195501183840577,
            57.85005055348108,
            0.0,
            29.486199429280422,
            48.97956864142621,
            59.975685731702605,
            38.76247148628044,
            46.4889321246758,
            67.8279733753704,
            43.381147748871534
        ],
        [
            81.29878457782644,
            46.13240548105897,
            31.56050770638478,
            29.389443046854694,
            88.03388016659761,
            78.53314000014977,
            16.51489899843713,
            82.47311157560385,
            72.32907815987636,
            65.28864100328231,
            30.760039727003118,
            15.10803878508616,
            18.275393343006183,
            32.97952369959616,
            73.87652640558338,
            82.91022444591113,
            80.39290785646158,
            47.23870074246968,
            60.84773149733778,
            48.63740386220311,
            58.581663173040866,
            81.94554062505817,
            29.486199429280422,
            0.0,
            19.62545084437469,
            87.33586366384615,
            13.605027152984423,
            57.064616332901785,
            96.30898438949018,
            71.99793894506148
        ],
        [
            100.33786594007634,
            65.75701805681862,
            43.15603372914984,
            48.89337213008067,
            107.35939178542624,
            97.49518287102377,
            3.917063078941509,
            90.87819186817893,
            91.84944433326747,
            81.89207281212342,
            49.39977949998471,
            8.734737183568647,
            37.30320047630605,
            52.36076493875538,
            93.06937317126413,
            91.97421579662931,
            86.983361938906,
            52.73719540786947,
            79.10269464256969,
            66.22061626576944,
            78.14538009229858,
            98.27849176625861,
            48.97956864142621,
            19.62545084437469,
            0.0,
            105.26115238933922,
            18.480162965061027,
            68.2871684952208,
            114.83463683040807,
            91.6122217609928
        ],
        [
            17.09759559062211,
            50.852862407916376,
            66.62598251224931,
            65.37504273461481,
            23.563449041981663,
            16.709526242184726,
            103.09592625565192,
            63.9617360894825,
            47.842298733970566,
            25.697821144191316,
            71.46032448102683,
            102.43978288929902,
            69.19267685410131,
            56.15679912295095,
            22.59600401508926,
            60.92616360251747,
            71.59227707724892,
            74.38779466106524,
            68.37577284847572,
            73.79604909386326,
            39.03839327882838,
            16.783124543388574,
            59.975685731702605,
            87.33586366384615,
            105.26115238933922,
            0.0,
            98.39913321264616,
            53.43075669204595,
            12.467483776142325,
            42.19913000812611
        ],
        [
            90.8057908167073,
            53.276909905203105,
            45.1564602308014,
            35.83748994629275,
            96.73782570582627,
            88.22559154067525,
            14.610185250379175,
            96.01359028483316,
            77.76100026763004,
            77.55677243156278,
            34.08198620670219,
            9.819763851105648,
            29.58545719056158,
            42.54514586357591,
            83.09932498124012,
            96.49056538398709,
            93.73428711857349,
            60.18597979755527,
            62.50102227586254,
            49.17367116567292,
            66.54819204800862,
            94.23888286125619,
            38.76247148628044,
            13.605027152984423,
            18.480162965061027,
            98.39913321264616,
            0.0,
            70.66437853598731,
            106.5865464249987,
            78.35806758128614
        ],
        [
            59.711957340405725,
            55.09067536474264,
            25.700045349590553,
            55.0783524299152,
            69.20844406434205,
            56.72444639545917,
            67.84254705473916,
            27.06790359021486,
            74.85878998618611,
            28.973933561160695,
            62.9833295228469,
            69.62235129010416,
            45.29829602950223,
            44.698561499801315,
            56.722945692840185,
            26.674557502062587,
            28.568942205630393,
            22.15161685340222,
            81.63883805840607,
            77.50543971558304,
            55.73952964957109,
            39.169847726599635,
            46.4889321246758,
            57.064616332901785,
            68.2871684952208,
            53.43075669204595,
            70.66437853598731,
            0.0,
            65.81222779253964,
            70.52056846963708
        ],
        [
            17.23296925620818,
            56.12582071646835,
            77.78553902093547,
            72.14497077944527,
            18.09719074546111,
            19.003769665726924,
            112.43182392252716,
            75.96383006535967,
            46.72543400645719,
            37.631163559072526,
            77.38570372437052,
            111.38583410696063,
            78.0353957124471,
            64.04151538503352,
            25.04117338729146,
            72.85967186825994,
            83.78455099893947,
            86.53740733099812,
            69.35809342449944,
            76.82987792708101,
            43.047237500772496,
            28.849032853675936,
            67.8279733753704,
            96.30898438949018,
            114.83463683040807,
            12.467483776142325,
            106.5865464249987,
            65.81222779253964,
            0.0,
            41.4917984481468
        ],
        [
            25.44861238104304,
            25.91237549390078,
            67.63862207447896,
            42.88471258315606,
            24.403075300110245,
            25.5005070010273,
            88.3180789596634,
            92.10029054548109,
            5.684331406856457,
            45.96564783957992,
            44.695906444919764,
            85.70828836088185,
            55.566806310927916,
            40.68940871127036,
            20.048689674602574,
            89.89410544031257,
            97.17899019839737,
            84.081692604893,
            28.160924068082803,
            37.681871531662566,
            15.838800521917005,
            52.83756029617395,
            43.381147748871534,
            71.99793894506148,
            91.6122217609928,
            42.19913000812611,
            78.35806758128614,
            70.52056846963708,
            41.4917984481468,
            0.0
        ]
    ],
    "time_matrix": null,
    "cost_matrix": null,
    "time_limit": null,
    "cost_limit": null
}