{
    "dist_matrix": [
        [
            0.0,
            50.17136010769449,
            82.4215490573505,
            32.75536921225664,
            33.19807081074011,
            35.44757440621362,
            86.88340746556328,
            79.11406029039841,
            43.171970355713015,
            66.19788568934426
        ],
        [
            50.17136010769449,
            0.0,
            72.64288903176,
            72.50660877850522,
            17.05893848218244,
            80.24531015768507,
            39.91648775687982,
            68.92907687074513,
            43.40887342974347,
            42.95837029575287
        ],
        [
            82.4215490573505,
            72.64288903176,
            0.0,
            71.69025114155171,
            70.91551038198544,
            82.51064024255031,
            67.87666322979612,
            3.7646700073437263,
            39.743626352643325,
            30.728450757493224
        ],
        [
            32.75536921225664,
            72.50660877850522,
            71.69025114155171,
            0.0,
            56.55792067712963,
            11.030351618150954,
            101.34765777699198,
            69.38941055851294,
            42.090556270777356,
            68.58107687055453
        ],
        [
            33.19807081074011,
            17.05893848218244,
            70.91551038198544,
            56.55792067712963,
            0.0,
            63.684726578288966,
            54.70504020525312,
            67.16254335310155,
            34.8910089119867,
            44.98632437022885
        ],
        [
            35.44757440621362,
            80.24531015768507,
            82.51064024255031,
            11.030351618150954,
            63.684726578288966,
            0.0,
            111.04175243565396,
            80.28630914325089,
            52.784778694839765,
            79.3615139587427
        ],
        [
            86.88340746556328,
            39.91648775687982,
            67.87666322979612,
            101.34765777699198,
            54.70504020525312,
            111.04175243565396,
            0.0,
            65.1260752937622,
            61.36776374541595,
            40.819355961612956
        ],
        [
            79.11406029039841,
            68.92907687074513,
            3.7646700073437263,
            69.38941055851294,
            67.16254335310155,
            80.28630914325089,
            65.1260752937622,
            0.0,
            36.263910972857154,
            27.23714211124324
        ],
        [
            43.171970355713015,
            43.40887342974347,
            39.743626352643325,
            42.090556270777356,
            34.8910089119867,
            52.784778694839765,
            61.36776374541595,
            36.263910972857154,
            0.0,
            26.61634737555601
        ],
        [
            66.19788568934426,
            42.95837029575287,
            30.728450757493224,
            68.58107687055453,
            44.98632437022885,
            79.3615139587427,
            40.819355961612956,
            27.23714211124324,
            26.61634737555601,
            0.0
        ]
    ],
    "time_matrix": null,
    "cost_matrix": null,
    "time_limit": null,
    "cost_limit": null
}